1.32209665068e-05
2.90326246862e-07
-0.0990266489374
-2.29411245117e-05
-0.0870916342748
0.0296419365833
-0.00324066978571
0.035133792887
0.292871843452
0.625600631113
-0.832613738693
-0.0648141659846
0.000250962845334
-0.00500604738795
-0.746295122314
0.905075070745
-0.0651721851933
-0.0245148010437
4.33611414356e-06
1.60879314231e-06
-7.14992603869e-07
-8.25733777317e-07
-0.66000234912
6.30770025757e-06
-4.73482607513e-05
-0.625155117769
1.60570291183
-2.34037262379e-05
4.24559317681e-06
0.690056316147
3.29831459148e-06
1.4718351936e-05
-0.295092289895
-1.60570291183
8.8115185026e-05
5.92478583322e-06
