-0.000253696711609
0.0308881664354
-0.0305968504614
-0.09980525506
-0.0283152983093
0.0656434047034
0.0448262685931
-0.154640510027
-0.127699062693
0.354866749022
-0.331741246235
0.0428387143394
0.0143727491971
-0.0897433355913
-0.0862819476109
0.224322178188
-0.1165327546
0.0239336621356
-0.0654219581958
0.201152348412
0.0684084541513
-0.184541665384
-0.0806197542371
0.133450215472
0.0666959223637
-0.263526738585
1.48935805532
0.00782164821522
0.0112270061899
0.266552530397
-0.15984229448
0.0560494081977
-0.564602512602
-1.46364077013
0.0274478228231
0.00539634700325
